tree
version=v4
num_class=1
num_tree_per_iteration=1
label_index=0
max_feature_idx=64
objective=binary sigmoid:1
feature_names=left_hand_x_range left_hand_y_range left_hand_x_std left_hand_y_std left_hand_x_delta left_hand_y_delta left_hand_path_length left_hand_displacement left_hand_path_to_displacement_ratio left_hand_mean_speed left_hand_max_speed left_hand_speed_std left_hand_x_mean_abs_velocity left_hand_y_mean_abs_velocity left_hand_x_max_abs_velocity left_hand_y_max_abs_velocity left_hand_x_direction_changes left_hand_y_direction_changes left_hand_valid_frame_ratio left_hand_longest_valid_run left_hand_sample_span_sec left_forearm_angle_range left_forearm_angle_std left_forearm_angle_mean_abs_velocity left_forearm_angle_direction_changes right_hand_x_range right_hand_y_range right_hand_x_std right_hand_y_std right_hand_x_delta right_hand_y_delta right_hand_path_length right_hand_displacement right_hand_path_to_displacement_ratio right_hand_mean_speed right_hand_max_speed right_hand_speed_std right_hand_x_mean_abs_velocity right_hand_y_mean_abs_velocity right_hand_x_max_abs_velocity right_hand_y_max_abs_velocity right_hand_x_direction_changes right_hand_y_direction_changes right_hand_valid_frame_ratio right_hand_longest_valid_run right_hand_sample_span_sec right_forearm_angle_range right_forearm_angle_std right_forearm_angle_mean_abs_velocity right_forearm_angle_direction_changes max_hand_x_range max_hand_y_range max_hand_path_length max_hand_displacement max_hand_path_to_displacement_ratio max_hand_mean_speed max_hand_max_speed max_hand_x_mean_abs_velocity max_hand_y_mean_abs_velocity max_hand_x_direction_changes max_hand_y_direction_changes max_hand_valid_frame_ratio max_forearm_angle_range max_forearm_angle_mean_abs_velocity max_forearm_angle_direction_changes
feature_infos=[0:34.518348693847656] [0:23.284008026123047] [0:10.685698509216309] [0:4.9830598831176758] [-28.660055160522461:6.6358394622802734] [-3.302105188369751:6.7545166015625] [0:139.18829345703125] [0:29.445241928100586] [0:100] [0:119.29669952392578] [0:893.55645751953125] [0:190.22395324707031] [0:115.7332763671875] [0:40.128250122070312] [0:728.8936767578125] [0:516.87255859375] [0:18] [0:15] [0:1] [0:37] [0:1.1994117498397827] [0:8.1453304290771484] [0:3.3300831317901611] [0:18.480991363525391] [0:9] [0:75.21173095703125] [0:67.694412231445312] [0:13.094171524047852] [0:11.801240921020508] [-21.977270126342773:15.168157577514648] [-20.27094841003418:14.897499084472656] [0:221.92306518554688] [0:29.898357391357422] [0:100] [0:190.20773315429688] [0:2449.161865234375] [0:527.057861328125] [0:136.96382141113281] [0:130.490234375] [0:1798.671142578125] [0:1662.2803955078125] [0:16] [0:19] [0:1] [0:37] [0:1.1994117498397827] [0:6.0114235877990723] [0:2.1992220878601074] [0:14.542013168334961] [0:8] [0.066477231681346893:75.21173095703125] [0.025975925847887993:67.694412231445312] [0.20552296936511993:221.92306518554688] [0.045115552842617035:29.898357391357422] [1.1769574880599976:100] [0.17617635428905487:190.20773315429688] [0.67156803607940674:2449.161865234375] [0.1278136670589447:136.96382141113281] [0.10405077040195465:130.490234375] [0:18] [0:19] [0.69444441795349121:1] [0.043971344828605652:8.1453304290771484] [0.12171242386102676:18.480991363525391] [0:9]
tree_sizes=771 877 772 874 878 1088 977 878 1186 972 979 776 1087 877 980 878 983 1082 880 974 1084 982 978 1089 1190 979 982 980 879 1082 1301 1087 980 983 1187 1194 1090 1190 978 1186 1297 979 980 980 987 977 975 1191 984 979 1192 986 1293 1305 877 1195 1087 1082 1297 989

Tree=0
num_leaves=6
num_cat=0
split_feature=44 20 43 47 63
split_gain=192.307 124.532 88.3636 42.7372 13.6523
threshold=35.500000000000007 1.1826303005218508 0.98611110448837291 0.46367681026458746 1.8818186521530154
decision_type=2 2 2 10 2
left_child=2 -2 -1 4 -4
right_child=1 -3 3 -5 -6
leaf_value=-0.089055032796618916 -0.097977770519340909 0.087785017715101984 -0.021774886897840656 -0.06515672362834006 0.095457968346753269
leaf_weight=8.1365979313850385 48.44974222779274 10.214492306113241 2.2508867979049674 4.0842062830924979 53.587807595729828
leaf_count=44 262 27 10 21 141
internal_value=0.00105393 -0.0647039 0.0578505 0.0789323 0.0904323
internal_weight=126.724 58.6642 68.0595 59.9229 55.8387
internal_count=505 289 216 172 151
is_linear=0
shrinkage=1


Tree=1
num_leaves=7
num_cat=0
split_feature=44 45 43 47 63 30
split_gain=171.823 110.066 73.5578 31.1698 22.6219 4.37472
threshold=35.500000000000007 1.1791495680809023 0.98611110448837291 0.50254997611045849 1.7905231118202212 0.19905191659927371
decision_type=2 2 2 10 2 8
left_child=2 -2 -1 4 -4 -6
right_child=1 -3 3 -5 5 -7
leaf_value=-0.084564114647345062 -0.09347068426658417 0.078527834516461587 -0.064064300665000462 -0.07116354720888525 0.092198984105185081 0.016210367670871469
leaf_weight=7.5668170750141135 50.178449630737305 10.563615724444388 1.8488333970308293 2.7708982676267615 48.865415841341019 2.4629285186529151
leaf_count=41 272 29 10 15 128 9
internal_value=-0.00317146 -0.0627711 0.0539158 0.0738009 0.0825286 0.0889322
internal_weight=124.257 60.7421 63.5149 55.9481 53.1772 51.3283
internal_count=504 301 203 162 147 137
is_linear=0
shrinkage=0.05


Tree=2
num_leaves=6
num_cat=0
split_feature=44 45 43 47 63
split_gain=150.263 110.79 70.9948 33.9598 16.117
threshold=35.500000000000007 1.1791495680809023 0.98611110448837291 0.44720166921615606 1.8413209319114687
decision_type=2 2 2 10 2
left_child=2 -2 -1 4 -4
right_child=1 -3 3 -5 -6
leaf_value=-0.081681056489345483 -0.089486048495727388 0.076804232784213999 -0.040070074052515788 -0.059769035390563087 0.087621331323515975
leaf_weight=7.8920521885156623 49.65763521194458 11.665904700756071 2.0465168803930274 3.8847258687019339 50.269318789243698
leaf_count=43 271 32 10 20 133
internal_value=-0.00164862 -0.057127 0.051495 0.0712975 0.0819684
internal_weight=125.416 61.3235 64.0926 56.2006 52.3158
internal_count=509 303 206 163 143
is_linear=0
shrinkage=0.05


Tree=3
num_leaves=7
num_cat=0
split_feature=44 45 43 47 63 15
split_gain=138.542 94.9245 67.5235 30.6881 14.6881 0.709927
threshold=35.500000000000007 1.1791495680809023 0.98611110448837291 0.46367681026458746 1.8413209319114687 3.3499341011047368
decision_type=2 2 2 10 2 2
left_child=2 -2 -1 4 -4 -6
right_child=1 -3 3 -5 5 -7
leaf_value=-0.079075930019012794 -0.08597795913447609 0.072786008789169243 -0.038764946198410595 -0.057132729927246141 0.086311670992108222 0.048459458259428247
leaf_weight=8.187384679913519 48.412821069359779 10.820009574294088 2.0433891713619223 3.8672783076763144 45.454080581665039 5.8348908722400656
leaf_count=45 267 30 10 20 120 18
internal_value=-0.00135247 -0.0562498 0.0484761 0.0677785 0.077721 0.0830145
internal_weight=124.62 59.2328 65.387 57.1996 53.3324 51.289
internal_count=510 297 213 168 148 138
is_linear=0
shrinkage=0.05


Tree=4
num_leaves=7
num_cat=0
split_feature=44 45 43 47 50 14
split_gain=133.926 93.4533 58.7381 27.5982 8.86828 1.52485
threshold=35.500000000000007 1.1791495680809023 0.98611110448837291 0.46367681026458746 0.54681771993637096 6.6073083877563485
decision_type=2 2 2 10 2 2
left_child=2 -2 -1 4 -4 -5
right_child=1 -3 3 5 -6 -7
leaf_value=-0.075544256549356648 -0.082938480956664465 0.071073278638479384 -0.017388477106110217 -0.064202074564025255 0.081421812803083762 -0.0052119088855647651
leaf_weight=7.3737912327051154 48.643368482589722 11.468813881278036 2.041368067264556 2.5515112280845633 50.646661981940269 1.8600254058837888
leaf_count=41 272 32 9 14 137 8
internal_value=0.000363271 -0.0528724 0.0500473 0.0672872 0.0773409 -0.0448894
internal_weight=124.586 60.1122 64.4734 57.0996 52.688 4.41154
internal_count=513 304 209 168 146 22
is_linear=0
shrinkage=0.05


Tree=5
num_leaves=9
num_cat=0
split_feature=63 62 51 23 44 50 28 28
split_gain=123.956 126.285 31.1989 5.58282 12.9041 3.08981 0.131904 3.47318
threshold=1.7016784548759463 1.447877109050751 0.96713808178901683 1.5883974432945254 35.500000000000007 0.53850266337394725 0.065139591693878188 0.099187381565570845
decision_type=2 2 2 8 2 2 10 10
left_child=-1 2 5 4 -3 -2 -7 -8
right_child=1 3 -4 -5 -6 6 7 -9
leaf_value=-0.080158883338067227 0.013439847163367036 0.060350117736778022 -0.065780994905553128 -0.078980480211572446 -0.068216728213920316 0.079268110119088089 0.0037128593890723132 0.068649162670729708
leaf_weight=33.513419836759567 2.5616938769817343 2.2388827204704311 3.5371840000152579 18.059697881340981 4.0545840114355087 50.266456916928291 2.7268288433551779 9.2306046932935697
leaf_count=190 10 6 20 102 23 138 11 26
internal_value=0.000850082 0.0306875 0.0653373 -0.0652654 -0.0204759 0.0733873 0.0756036 0.0552702
internal_weight=126.189 92.6759 68.3228 24.3532 6.29347 64.7856 62.2239 11.9574
internal_count=526 336 205 131 29 185 175 37
is_linear=0
shrinkage=0.05


Tree=6
num_leaves=8
num_cat=0
split_feature=63 62 51 41 19 20 47
split_gain=108.153 108.606 27.5738 8.37622 5.6595 21.6444 0.670288
threshold=1.7016784548759463 1.5079923868179324 0.96713808178901683 8.5000000000000018 35.500000000000007 1.1826303005218508 0.42289476096630102
decision_type=2 2 2 10 2 2 10
left_child=-1 2 4 -3 6 -6 -2
right_child=1 3 -4 -5 5 -7 -8
leaf_value=-0.077585808270481227 0.076760857942019978 -0.077408781809641475 -0.063822628718630744 0.0029256909417094794 -0.063292961964780056 0.072806888837991843 0.035794316794580956
leaf_weight=31.34139946103096 49.393551379442215 18.80229185521603 3.4862939715385428 3.7955087125301352 3.345685109496114 8.4122524559497833 3.6522523015737525
leaf_count=181 138 108 20 16 19 23 12
internal_value=0.00105981 0.0287289 0.0600184 -0.0643637 0.0675494 0.0321545 0.0746548
internal_weight=122.229 90.8878 68.29 22.5978 64.8037 11.7579 53.0458
internal_count=517 336 212 124 192 42 150
is_linear=0
shrinkage=0.05


Tree=7
num_leaves=7
num_cat=0
split_feature=44 20 43 47 63 13
split_gain=106.011 72.644 49.8525 22.2703 15.4532 2.76289
threshold=35.500000000000007 1.1826303005218508 0.98611110448837291 0.50254997611045849 1.7905231118202212 1.0602706670761111
decision_type=2 2 2 10 2 2
left_child=2 -2 -1 4 -4 -6
right_child=1 -3 3 -5 5 -7
leaf_value=-0.069626400978320638 -0.075026485210593977 0.068758574745358098 -0.054893449979172115 -0.061331027218867885 0.075565840770405499 0.018711197066694798
leaf_weight=7.7078824937343589 47.859061852097511 9.8848177790641767 1.7929455637931813 2.8302225023508063 47.981341734528542 3.0451554208993903
leaf_count=45 281 28 10 16 136 11
internal_value=-0.00110414 -0.0496613 0.0432347 0.0598199 0.0673305 0.0725977
internal_weight=121.101 57.7439 63.3575 55.6497 52.8194 51.0265
internal_count=527 309 218 173 157 147
is_linear=0
shrinkage=0.05


Tree=8
num_leaves=10
num_cat=0
split_feature=63 62 51 21 21 19 21 4 21
split_gain=88.5454 96.7185 19.088 5.83904 13.1363 3.16319 12.6725 1.14151 0.189995
threshold=1.7016784548759463 1.4111630916595461 1.1066505908966067 0.82348668575286876 0.68033361434936535 35.500000000000007 0.66628432273864757 -0.27592496573925013 0.39209981262683874
decision_type=2 2 2 8 10 2 8 8 10
left_child=-1 2 5 4 7 8 -7 -3 -2
right_child=1 3 -4 -5 -6 6 -8 -9 -10
leaf_value=-0.073422152709701149 0.034547656598802323 -0.01275961422234222 -0.055857433090349531 -0.072185066019698221 0.061764560123996427 0.062999255362658782 -0.054358169080017275 -0.066307262497026218 0.073202893174149311
leaf_weight=30.017547950148582 2.9959760457277289 1.8727008253335951 2.6841498464345923 16.376574710011482 2.5468473434448242 8.095596089959141 2.2280880659818658 4.8908076286315936 44.11956587433815
leaf_count=181 10 9 16 98 7 24 13 29 128
internal_value=-0.000917613 0.024999 0.0594321 -0.0548028 -0.0201922 0.0656832 0.0351072 -0.0550341 0.071514
internal_weight=115.828 85.8103 60.1234 25.6869 9.31036 57.4392 10.3237 6.76351 47.1155
internal_count=515 334 191 143 45 175 37 38 138
is_linear=0
shrinkage=0.05


Tree=9
num_leaves=8
num_cat=0
split_feature=63 62 51 23 17 19 11
split_gain=82.63 94.6614 19.1492 6.60625 11.9834 1.7785 7.39749
threshold=1.7016784548759463 1.4111630916595461 1.1066505908966067 1.5883974432945254 1.5000000000000002 35.500000000000007 1.0145651102066042
decision_type=2 2 2 8 10 2 2
left_child=-1 2 5 4 -3 -2 -7
right_child=1 3 -4 -5 -6 6 -8
leaf_value=-0.071704932649859707 0.0693764404617596 -0.06255604303669382 -0.055399284130816767 -0.071960111217346648 0.053157788668048628 0.058712201380851106 -0.034630882896550114
leaf_weight=30.743579983711243 45.024804219603539 4.1367334425449398 2.8004654943943015 18.052675694227219 3.0014057904481888 8.1178199499845487 2.0386504530906668
leaf_count=190 135 25 17 110 9 25 11
internal_value=-0.00298689 0.0229639 0.0578584 -0.0564954 -0.013348 0.0644901 0.0385513
internal_weight=113.916 83.1726 57.9817 25.1908 7.13814 55.1813 10.1565
internal_count=522 332 188 144 34 171 36
is_linear=0
shrinkage=0.05


Tree=10
num_leaves=8
num_cat=0
split_feature=44 20 1 47 63 1 29
split_gain=78.8723 59.0109 38.3132 14.2518 15.6733 2.71569 2.13063
threshold=35.500000000000007 1.1826303005218508 0.59360212087631237 0.50254997611045849 1.7905231118202212 0.38646987080574041 0.1101321540772915
decision_type=2 2 10 10 2 10 10
left_child=2 -2 3 4 -1 -6 -7
right_child=1 -3 -4 -5 5 6 -8
leaf_value=-0.05319573743106764 -0.069781774506686767 0.06374204695867447 -0.066719473853687525 -0.05357260069787826 0.071508068201951297 0.047071942423031872 -0.0086074013319385363
leaf_weight=2.1900589168071738 43.528881087899208 9.3355892747640592 6.6867205202579489 2.1836354285478583 39.147802412509918 4.022072732448577 2.2011610120534897
leaf_count=13 274 28 41 13 118 13 10
internal_value=-0.00201152 -0.0454565 0.0387702 0.0539856 0.0599253 0.0664151 0.028913
internal_weight=109.296 52.8645 56.4315 49.7447 47.5611 45.371 6.22323
internal_count=510 302 208 167 154 141 23
is_linear=0
shrinkage=0.05


Tree=11
num_leaves=6
num_cat=0
split_feature=44 45 43 47 63
split_gain=73.687 58.1892 38.7123 16.0323 6.51782
threshold=35.500000000000007 1.1791495680809023 0.98611110448837291 0.46367681026458746 1.8818186521530154
decision_type=2 2 2 10 2
left_child=2 -2 -1 4 -4
right_child=1 -3 3 -5 -6
leaf_value=-0.063305306889078108 -0.069317034002210329 0.060746163395416622 -0.016496685795058665 -0.042235531167073702 0.067372815858320612
leaf_weight=7.086276412010192 40.570628717541695 10.012586206197737 2.0725225061178199 3.2236963510513297 43.437696665525436
leaf_count=45 264 31 10 18 136
internal_value=0.000375516 -0.0428934 0.0396498 0.0555922 0.0632809
internal_weight=106.403 50.5832 55.8202 48.7339 45.5102
internal_count=504 295 209 164 146
is_linear=0
shrinkage=0.05


Tree=12
num_leaves=9
num_cat=0
split_feature=63 62 50 23 17 57 28 28
split_gain=67.9032 73.8237 14.6049 7.3172 10.836 5.91658 0.847916 3.06972
threshold=1.7016784548759463 1.4111630916595461 1.681388854980469 1.6746117472648623 3.5000000000000004 0.94143688678741466 0.072203069925308241 0.10865805670619012
decision_type=2 2 2 8 10 2 10 10
left_child=-1 2 5 4 -3 -2 -7 -8
right_child=1 3 -4 -5 -6 6 7 -9
leaf_value=-0.067059699126769498 -0.017937498192549219 -0.051524556906033164 -0.052616242115231318 -0.067525591579115446 0.05927080198728462 0.066856871552887373 -0.0095210371000242662 0.053710601123606753
leaf_weight=27.099533170461655 1.9664011448621739 4.3326983004808453 2.3231272995471945 16.315105676651001 2.7731984555721283 41.979497313499451 2.1057128459215146 7.8477354645729065
leaf_count=182 10 27 15 107 8 135 10 26
internal_value=-0.000126425 0.0231975 0.0540183 -0.0499708 -0.00630707 0.0594891 0.0627043 0.0406856
internal_weight=106.743 79.6435 56.2225 23.421 7.1059 53.8993 51.9329 9.95345
internal_count=520 338 196 142 35 181 171 36
is_linear=0
shrinkage=0.05


Tree=13
num_leaves=7
num_cat=0
split_feature=44 20 1 45 19 47
split_gain=67.6459 47.8477 33.4637 9.90077 6.75249 2.63398
threshold=35.500000000000007 1.1826303005218508 0.59210172295570385 1.1488409042358401 34.500000000000007 0.44720166921615606
decision_type=2 2 10 2 2 10
left_child=2 -2 3 4 -1 -5
right_child=1 -3 -4 5 -6 -7
leaf_value=0.035006421667028574 -0.065648868209952027 0.059263510394713809 -0.062956792895272701 0.065355254523161363 -0.0534918634211803 0.0093026133728549478
leaf_weight=4.1535119712352744 38.629448175430298 8.6759236454963666 6.2481828629970542 38.810757905244827 2.7067810893058777 2.5943913906812659
leaf_count=16 264 28 41 128 17 11
internal_value=0.00129238 -0.041987 0.0389288 0.0531286 -0.00227429 0.0621453
internal_weight=101.819 47.3054 54.5136 48.2654 6.86029 41.4051
internal_count=505 292 213 172 33 139
is_linear=0
shrinkage=0.05


Tree=14
num_leaves=8
num_cat=0
split_feature=44 45 50 63 1 45 26
split_gain=62.1524 47.0548 31.6464 15.6143 6.19466 0.693006 0.188616
threshold=35.500000000000007 1.1791495680809023 1.3401691317558291 1.7905231118202212 0.59197068214416515 1.1488409042358401 0.18928475677967074
decision_type=2 2 2 2 10 2 8
left_child=2 -2 3 -1 5 -5 -3
right_child=1 6 -4 4 -6 -7 -8
leaf_value=-0.052345442674419256 -0.065656021783055449 0.060766864917190633 -0.057822652530539545 0.030868212105268241 -0.020888163875910425 0.065663896388166526 0.025318559328591308
leaf_weight=2.6477673053741446 38.967583104968071 6.8203091621398899 6.8856342732906333 4.2634149342775336 1.87365062534809 36.767987117171288 2.6828482747077951
leaf_count=17 277 22 45 17 10 124 10
internal_value=-0.00117874 -0.0415529 0.0362198 0.0513717 0.0588187 0.0628688 0.0541228
internal_weight=100.909 48.4707 52.4385 45.5528 42.9051 41.0314 9.50316
internal_count=522 309 213 168 151 141 32
is_linear=0
shrinkage=0.05


Tree=15
num_leaves=7
num_cat=0
split_feature=44 20 1 2 63 27
split_gain=55.1591 45.2474 29.518 19.3442 9.67067 2.57709
threshold=35.500000000000007 1.1826303005218508 0.38646987080574041 0.16304086148738864 1.7905231118202212 0.32244594395160681
decision_type=2 2 10 10 2 10
left_child=2 -2 4 -4 -1 -6
right_child=1 -3 3 -5 5 -7
leaf_value=-0.044304908176559771 -0.063343017537090762 0.057562220359010201 0.044504736055791701 -0.06766212370462503 0.065231699473131996 0.0054742165606183769
leaf_weight=1.5760330110788334 37.354772672057152 8.8581730872392637 5.3808169513940802 8.9797635376453382 35.134396076202393 2.1014516502618781
leaf_count=10 272 30 20 60 122 10
internal_value=6.60559e-05 -0.0394394 0.034495 -0.0254727 0.0567658 0.0620906
internal_weight=99.3854 46.2129 53.1725 14.3606 38.8119 37.2358
internal_count=524 302 222 80 142 132
is_linear=0
shrinkage=0.05


Tree=16
num_leaves=8
num_cat=0
split_feature=44 45 43 47 23 13 46
split_gain=52.492 40.2974 27.047 13.5876 6.83278 3.88885 0.253544
threshold=35.500000000000007 1.1791495680809023 0.98611110448837291 0.50254997611045849 0.58284616470336925 1.0988360643386843 1.1776113510131838
decision_type=2 2 2 10 10 2 8
left_child=2 -2 -1 4 -4 -6 -3
right_child=1 6 3 -5 5 -7 -8
leaf_value=-0.057742136002647104 -0.063509753676595296 0.058489202711574165 -0.030448986096072213 -0.051897383546736522 0.062208483775451628 -0.0039327625078792987 0.022810438369281965
leaf_weight=6.2619428485631934 36.357841730117798 6.2039041519165012 1.6914965659379948 2.477248787879943 37.256146475672722 2.2372486442327491 2.5648849010467538
leaf_count=45 276 21 10 16 134 10 10
internal_value=-0.00192115 -0.0405388 0.0330962 0.0471252 0.0541704 0.0584571 0.0514564
internal_weight=95.0507 45.1266 49.9241 43.6621 41.1849 39.4934 8.76879
internal_count=522 307 215 170 154 144 31
is_linear=0
shrinkage=0.05


Tree=17
num_leaves=9
num_cat=0
split_feature=44 45 50 63 62 23 20 30
split_gain=50.9249 40.3544 23.5347 11.6891 4.11584 6.76767 1.01064 0.333859
threshold=35.500000000000007 1.1791495680809023 1.3401691317558291 1.7905231118202212 1.350632965564728 1.7681902647018435 1.1667445898056032 -0.095560200512409196
decision_type=2 2 2 2 2 10 2 10
left_child=2 -2 3 -1 -5 -6 -4 -3
right_child=1 7 6 4 5 -7 -8 -9
leaf_value=-0.047976085530823435 -0.062549764713764264 0.021575286849204928 -0.058565159003618895 0.061224211053267974 0.051659456619996602 -0.042871722921397223 -0.0058706564388761717 0.058172093187772403
leaf_weight=2.2178922891616812 34.893129572272301 2.5158045738935471 4.9425031244754782 34.482745453715324 3.4918167740106574 2.323582336306572 1.3580176830291746 6.6226600706577283
leaf_count=15 274 10 35 129 12 14 8 23
internal_value=0.000211889 -0.0383248 0.0350428 0.0484322 0.0547715 0.0131404 -0.0495673 0.0512189
internal_weight=92.8482 44.0316 48.8166 42.516 40.2981 5.8154 6.30052 9.13846
internal_count=520 307 213 170 155 26 43 33
is_linear=0
shrinkage=0.05


Tree=18
num_leaves=7
num_cat=0
split_feature=44 20 43 47 21 15
split_gain=46.5902 37.3207 25.1561 10.4755 3.88974 1.87817
threshold=35.500000000000007 1.1826303005218508 0.98611110448837291 0.50254997611045849 0.36506986618041998 3.3499341011047368
decision_type=2 2 2 10 10 2
left_child=2 -2 -1 4 -4 -6
right_child=1 -3 3 -5 5 -7
leaf_value=-0.056019322123843474 -0.060375609918871892 0.057563903004445298 -0.0064413798114160443 -0.046689466011145889 0.061265219454802379 0.019135443147530601
leaf_weight=5.9541828334331504 33.83127523958683 7.4652466475963584 2.355745702981948 2.0491484552621833 33.043458253145218 4.1105186492204657
leaf_count=45 273 27 12 14 127 17
internal_value=0.000158756 -0.0381986 0.0335977 0.0474518 0.0533664 0.0572279
internal_weight=88.8096 41.2965 47.5131 41.5589 39.5097 37.154
internal_count=515 300 215 170 156 144
is_linear=0
shrinkage=0.05


Tree=19
num_leaves=8
num_cat=0
split_feature=44 45 1 2 45 44 46
split_gain=39.1638 36.6507 22.7808 15.2959 5.5553 4.75888 0.39932
threshold=35.500000000000007 1.1791495680809023 0.38646987080574041 0.16304086148738864 1.1488409042358401 34.500000000000007 1.1297460198402407
decision_type=2 2 10 10 2 2 8
left_child=2 -2 4 -4 5 -1 -3
right_child=1 6 3 -5 -6 -7 -8
leaf_value=0.037196493866462288 -0.060657660244629812 0.056663734676204891 0.042743247336555094 -0.064228908019375489 0.061222044451152792 -0.045610177558812588 0.019543220901970935
leaf_weight=3.2797190994024268 32.018790528178215 6.5249414741992924 4.4757529050111753 7.9265188053250313 27.235040605068207 1.9242557883262632 2.4126218855381021
leaf_count=14 271 24 18 58 108 13 10
internal_value=-0.00109018 -0.035984 0.0308703 -0.0253158 0.0524663 0.004161 0.0496183
internal_weight=85.7976 40.9564 44.8413 12.4023 32.439 5.20397 8.93756
internal_count=516 305 211 76 135 27 34
is_linear=0
shrinkage=0.05


Tree=20
num_leaves=9
num_cat=0
split_feature=63 62 51 23 17 57 54 30
split_gain=40.9955 43.2694 9.71301 6.28748 6.37374 1.43202 1.72827 0.641968
threshold=1.7016784548759463 1.4111630916595461 0.96713808178901683 1.6746117472648623 1.5000000000000002 1.1681215167045595 8.921628952026369 0.12196761369705202
decision_type=2 2 2 8 10 2 2 10
left_child=-1 2 5 4 -3 6 -2 -7
right_child=1 3 -4 -5 -6 7 -8 -9
leaf_value=-0.059251254033727899 -0.014583944352389229 -0.046656264425594091 -0.045050634046168159 -0.059837235621298994 0.044014706662800725 0.056771530496544202 0.04004132044116282 0.017836576791877386
leaf_weight=20.952693819999695 1.8138477653264988 2.6495204642415073 2.0079981163144103 13.177465550601481 3.1347774565219879 35.955710843205452 2.4119832813739777 2.2683378607034674
leaf_count=183 11 22 16 109 12 149 10 10
internal_value=-0.000245368 0.0198663 0.0465574 -0.0419112 0.00172723 0.0518278 0.0182905 0.0549746
internal_weight=84.3723 63.4196 44.4579 18.9618 5.7843 42.4499 4.22583 38.224
internal_count=522 339 196 143 34 180 21 159
is_linear=0
shrinkage=0.05


Tree=21
num_leaves=8
num_cat=0
split_feature=63 62 51 23 17 57 5
split_gain=39.5513 41.1552 10.122 4.46875 6.29914 2.71434 0.41198
threshold=1.7016784548759463 1.4111630916595461 0.96713808178901683 1.6746117472648623 1.5000000000000002 1.1681215167045595 0.18557197600603106
decision_type=2 2 2 8 10 2 10
left_child=-1 2 5 4 -3 -2 -7
right_child=1 3 -4 -5 -6 6 -8
leaf_value=-0.058614773191260183 0.0044717657188992005 -0.049810749705538976 -0.045589526971598002 -0.058694117580606366 0.04144348795679207 0.057010854311830672 0.025072402535572264
leaf_weight=20.476050637662411 3.0571221560239783 2.7560710012912777 2.1199631765484801 12.104728721082209 2.8168894946575165 35.210489243268967 3.3640710562467566
leaf_count=185 17 23 17 104 11 150 15
internal_value=-8.65842e-05 0.0200488 0.045802 -0.0427289 -0.00439794 0.051416 0.0549294
internal_weight=81.9054 61.4293 43.7516 17.6777 5.57296 41.6317 38.5746
internal_count=522 337 199 138 34 182 165
is_linear=0
shrinkage=0.05


Tree=22
num_leaves=8
num_cat=0
split_feature=44 45 43 47 63 15 46
split_gain=40.1598 24.6089 18.4074 8.23747 6.37843 1.51522 0.313982
threshold=35.500000000000007 1.1791495680809023 0.98611110448837291 0.50254997611045849 1.8413209319114687 3.3499341011047368 1.0889003276824953
decision_type=2 2 2 10 2 2 10
left_child=2 -2 -1 4 -4 -6 -3
right_child=1 6 3 -5 5 -7 -8
leaf_value=-0.051874616025083968 -0.058868988954553184 0.051547746188406608 -0.028206234576053493 -0.043827257164023303 0.05939878408524607 0.020664315893660783 0.016628316522061391
leaf_weight=4.9044978842139235 29.500038653612137 4.2835382670164099 1.8771832585334767 1.7657486498355854 28.165857166051865 4.300330623984336 2.233837679028511
leaf_count=42 276 17 12 13 123 19 10
internal_value=-0.00174415 -0.0396943 0.0317345 0.0441825 0.0498195 0.055039 0.0433832
internal_weight=77.031 36.0174 41.0136 36.1091 34.3434 32.4662 6.51738
internal_count=512 303 209 167 154 142 27
is_linear=0
shrinkage=0.05


Tree=23
num_leaves=9
num_cat=0
split_feature=63 62 51 49 40 28 52 54
split_gain=33.1389 37.5415 9.5494 3.71158 1.53216 1.39008 7.46074 0.0716923
threshold=1.7016784548759463 1.4111630916595461 0.96713808178901683 4.5000000000000009 0.85918831825256359 0.05660133250057698 2.4512579441070561 25.049477577209476
decision_type=2 2 2 10 2 10 2 2
left_child=-1 2 5 4 -3 -2 -7 -6
right_child=1 3 -4 -5 7 6 -8 -9
leaf_value=-0.057175826466226154 0.05521314764379387 -0.0039426008513911434 -0.044755062950689067 0.016343037155332318 -0.058927077870821666 -0.049293084083187874 0.048719420843536726 -0.017075885266528576
leaf_weight=18.863381437957287 29.234406128525734 1.6875592991709734 2.1246351450681678 1.8372493609786023 12.103360965847967 1.6675819009542445 7.1696858704090118 1.1205242052674282
leaf_count=184 134 12 18 10 109 12 30 9
internal_value=-0.00146159 0.0176623 0.0435967 -0.0435288 -0.0514692 0.0495465 0.0270938 -0.0568306
internal_weight=75.8084 56.945 40.1963 16.7487 14.9114 38.0717 8.83727 13.2239
internal_count=518 334 194 140 130 176 42 118
is_linear=0
shrinkage=0.05


Tree=24
num_leaves=10
num_cat=0
split_feature=63 62 51 49 26 19 28 30 26
split_gain=32.2233 37.979 9.31691 2.52301 2.48867 1.24483 3.93476 0.331333 0.137166
threshold=1.7016784548759463 1.4111630916595461 0.96713808178901683 4.5000000000000009 0.13236402720212939 35.500000000000007 0.049956550821661956 0.13690881431102755 0.14968749135732654
decision_type=2 2 2 10 8 2 10 10 10
left_child=-1 2 5 4 -3 7 8 -2 -7
right_child=1 3 -4 -5 -6 6 -8 -9 -10
leaf_value=-0.056597581189892034 0.056558955877820061 0.0018979238530509744 -0.043993671868566238 0.0088077093863192495 -0.058378801198450216 0.016824896467840838 -0.035967390110836016 0.019673959500113067 0.048810335397649292
leaf_weight=18.117571488022804 28.729255303740505 1.8888808786869056 2.071982003748416 1.6939551234245289 12.5767712444067 1.9641149342060078 1.2712097167968748 2.0307089090347281 3.9249846935272217
leaf_count=183 135 13 18 10 117 10 10 9 17
internal_value=-0.000410365 0.0183917 0.0442646 -0.0444873 -0.0508942 0.0500935 0.0255593 0.05482 0.0421334
internal_weight=74.2694 56.1519 39.9923 16.1596 14.4657 37.9203 7.16031 30.76 5.8891
internal_count=522 339 199 140 130 181 37 144 27
is_linear=0
shrinkage=0.05


Tree=25
num_leaves=8
num_cat=0
split_feature=63 62 51 23 17 57 29
split_gain=31.4021 33.0877 8.88746 2.97605 4.8681 1.3372 0.336522
threshold=1.7016784548759463 1.4111630916595461 0.96713808178901683 1.6746117472648623 3.5000000000000004 1.0615630745887759 -0.42705507576465601
decision_type=2 2 2 8 10 2 10
left_child=-1 2 5 4 -3 -2 -7
right_child=1 3 -4 -5 -6 6 -8
leaf_value=-0.05594608832156836 0.0087548346261763239 -0.04169492995945203 -0.043255180200359393 -0.055793626901392203 0.043492376933304988 0.024852614412741697 0.054239058703918035
leaf_weight=17.236851178109646 2.357844114303588 3.0584523603320095 2.0203747972846022 10.119871042668819 1.8770620226860044 3.592411451041694 31.075690805912021
leaf_count=181 13 27 18 99 7 17 152
internal_value=0.000938008 0.0197477 0.0437653 -0.0413883 -0.0074276 0.0495263 0.0519761
internal_weight=71.3386 54.1017 39.0463 15.0554 4.93551 37.0259 34.6681
internal_count=514 333 200 133 34 182 169
is_linear=0
shrinkage=0.05


Tree=26
num_leaves=8
num_cat=0
split_feature=44 45 50 45 49 30 30
split_gain=29.2114 21.6787 16.7603 6.95614 3.88977 0.813652 0.364114
threshold=35.500000000000007 1.1791495680809023 1.3401691317558291 1.1488409042358401 1.5000000000000002 0.18668997287750247 -0.09076348319649695
decision_type=2 2 2 2 10 10 10
left_child=2 -2 3 4 -1 -5 -3
right_child=1 6 -4 5 -6 -7 -8
leaf_value=-0.042088472796584064 -0.056765540564466137 0.014169242069684077 -0.052600687343531106 0.05487276560315562 0.032847818455074014 0.012687770807604288 0.049757963108216667
leaf_weight=2.8813394233584431 24.697120033204559 2.0414393097162247 4.5483874529600135 24.439998194575313 2.1745549514889717 1.9322786107659329 4.2979036569595328
leaf_count=23 266 10 42 123 11 9 19
internal_value=-0.0010258 -0.0359591 0.0292682 0.0423732 -0.00975619 0.0523583 0.0417895
internal_weight=67.013 31.0365 35.9766 31.4282 5.05589 26.3723 6.33934
internal_count=503 295 208 166 34 132 29
is_linear=0
shrinkage=0.05


Tree=27
num_leaves=8
num_cat=0
split_feature=19 45 20 47 9 5 22
split_gain=25.999 19.1706 19.0602 6.58338 5.01372 1.8734 0.151379
threshold=35.500000000000007 1.1791495680809023 1.1059235930442812 0.50254997611045849 0.68873387575149547 0.24460478872060779 0.13250530511140826
decision_type=2 2 2 10 2 8 10
left_child=2 -2 -1 4 -4 6 -6
right_child=1 -3 3 -5 5 -7 -8
leaf_value=-0.052191816299575283 -0.056109005640885695 0.044854552791457607 -0.034366331996455939 -0.041258924034763139 0.022526971499678271 0.0071351759038220724 0.055378701071831085
leaf_weight=5.7097166627645484 22.29873084276915 5.0889679789543143 1.1966869235038782 1.5733279660344113 2.2799626588821438 2.7087402865290668 25.713986925780773
leaf_count=59 247 24 10 13 13 16 133
internal_value=0.00020317 -0.0364295 0.026078 0.0405559 0.0457226 0.0498297 0.0535723
internal_weight=66.5701 27.3877 39.1824 33.4727 31.8994 30.7027 27.9939
internal_count=515 271 244 185 172 162 146
is_linear=0
shrinkage=0.05


Tree=28
num_leaves=7
num_cat=0
split_feature=44 20 1 0 63 50
split_gain=26.7508 19.5987 14.6829 8.9507 4.62419 0.867621
threshold=35.500000000000007 1.1826303005218508 0.38646987080574041 0.60802674293518078 1.8413209319114687 1.2156422138214114
decision_type=2 2 10 10 2 2
left_child=2 -2 4 -4 -1 -6
right_child=1 -3 3 -5 5 -7
leaf_value=-0.023153657214509588 -0.054444633856669505 0.045084281804865595 0.03269308086795325 -0.057653519213204822 0.055927720737567688 0.0095161600352535285
leaf_weight=1.5951694101095224 24.021906845271591 5.3563451021909705 3.7370005846023542 5.8402726277709007 22.092624932527546 1.5304331853985775
leaf_count=12 276 26 19 55 120 10
internal_value=-0.000916408 -0.0354114 0.0283838 -0.0226428 0.0478869 0.0534295
internal_weight=64.1738 29.3783 34.7955 9.57727 25.2182 23.6231
internal_count=518 302 216 74 142 130
is_linear=0
shrinkage=0.05


Tree=29
num_leaves=9
num_cat=0
split_feature=63 62 10 23 17 26 57 6
split_gain=23.3739 27.7143 7.35787 2.69006 4.43154 1.9085 5.22124 0.609008
threshold=1.7016784548759463 1.4111630916595461 7.450369358062745 1.6746117472648623 1.5000000000000002 0.18559094518423083 1.9469895362854006 1.4364241361618044
decision_type=2 2 2 8 10 10 2 10
left_child=-1 2 5 4 -3 -2 -7 -8
right_child=1 3 -4 -5 -6 6 7 -9
leaf_value=-0.053933019301554731 0.053555334323765351 -0.045486412005857263 -0.043869349290824151 -0.053992663326311856 0.036214258591131948 -0.04021716393044926 0.0069464649622163746 0.049153420557627614
leaf_weight=15.033738315105436 23.449300721287731 2.4352770522236797 1.6639858260750759 9.8068486303091049 2.2340762093663216 1.7624109238386134 1.431875444948673 4.8364791423082352
leaf_count=184 132 26 15 110 10 13 10 24
internal_value=-0.00160516 0.0156843 0.0405694 -0.0402314 -0.00690357 0.0462459 0.0213359 0.0417943
internal_weight=62.654 47.6203 33.1441 14.4762 4.66935 31.4801 8.03077 6.26835
internal_count=524 340 194 146 36 179 47 34
is_linear=0
shrinkage=0.05


Tree=30
num_leaves=11
num_cat=0
split_feature=63 62 10 30 49 48 27 16 8 30
split_gain=22.292 25.4361 6.2968 3.74344 1.65131 1.62906 0.941774 1.28075 0.131367 0.065408
threshold=1.8413209319114687 1.5079923868179324 7.450369358062745 0.18668997287750247 4.5000000000000009 1.7016784548759463 0.3314953893423081 3.5000000000000004 20.337921142578129 -0.17383278906345365
decision_type=2 2 2 8 10 10 10 10 10 10
left_child=5 2 3 6 8 -1 9 -8 -3 -2
right_child=1 4 -4 -5 -6 -7 7 -9 -10 -11
leaf_value=-0.053732637196859924 0.021164487997159184 -0.054107649077492936 -0.042119965141000693 -0.023545444403785799 0.0039569810347526288 0.0063981597040257479 -0.0097015165590745647 0.03815065632134404 -0.011964177108803915 0.054307174687392601
leaf_weight=15.156286388635635 1.8948990255594349 8.8618112727999652 1.4584373012185086 1.3329824060201669 1.3590591549873341 0.99570895731449205 1.7854186668992031 2.4745015352964401 0.86474395543336946 22.951315335929394
leaf_count=191 12 102 13 10 10 8 12 12 8 135
internal_value=-0.00154447 0.0173356 0.0397917 0.0449312 -0.0452252 -0.0498689 0.0487452 0.0200634 -0.0518255 0.0526962
internal_weight=59.1352 42.9832 31.8976 30.4391 11.0856 16.152 29.1061 4.25992 9.72656 24.8462
internal_count=513 314 194 181 120 199 171 24 110 147
is_linear=0
shrinkage=0.05


Tree=31
num_leaves=9
num_cat=0
split_feature=63 62 50 23 44 57 48 30
split_gain=20.6537 24.8765 5.90232 3.15255 3.95261 1.67953 0.62548 0.369492
threshold=1.7016784548759463 1.350632965564728 1.681388854980469 1.6746117472648623 35.500000000000007 1.1681215167045595 4.9817039966583261 0.11663956567645074
decision_type=2 2 2 8 2 2 10 8
left_child=-1 2 5 4 -3 -2 -5 -7
right_child=1 3 -4 6 -6 7 -8 -9
leaf_value=-0.052896645051413477 0.0061405674296966268 0.036040475462987415 -0.038323789097792986 -0.054561182096813904 -0.042736392759125996 0.052202717564519135 -0.0043508352153001865 0.016492887380270625
leaf_weight=13.650040194392203 2.6794186010956826 2.4146642833948109 1.476445049047469 9.1889944896101934 1.9839196279644964 23.700665161013603 0.85444337129592973 1.9438453242182756
leaf_count=181 18 12 16 106 22 143 8 11
internal_value=-0.00131943 0.0154111 0.0410931 -0.0368117 -0.000825371 0.0463986 -0.0510703 0.0502165
internal_weight=57.8924 44.2424 29.8004 14.442 4.39858 28.3239 10.0434 25.6445
internal_count=517 336 188 148 34 172 114 154
is_linear=0
shrinkage=0.05


Tree=32
num_leaves=8
num_cat=0
split_feature=44 45 45 50 42 1 1
split_gain=21.6279 18.2662 11.3051 4.61297 3.66241 0.279616 0.235228
threshold=35.500000000000007 1.1791495680809023 1.1488409042358401 1.3070445060729983 5.5000000000000009 0.38646987080574041 0.52345106005668651
decision_type=2 2 2 2 10 10 10
left_child=2 -2 4 5 -1 -4 -7
right_child=1 -3 3 -5 -6 6 -8
leaf_value=-0.046577000975441124 -0.054327704991006635 0.041715598417692096 0.054199902807420576 -0.018597154493672712 0.024012458828756675 0.0050611439590856379 0.033230358633057157
leaf_weight=4.9134139940142658 20.721729494631294 5.6053994446992865 17.778797715902336 2.1911586597561827 1.929890342056751 1.5069945901632302 2.2002751603722572
leaf_count=52 279 30 112 17 13 9 12
internal_value=-0.00055528 -0.0331006 0.0276779 0.0436636 -0.0261465 0.0505577 0.0252874
internal_weight=56.8477 26.3271 30.5205 23.6772 6.8433 21.4861 3.70727
internal_count=524 309 215 150 65 133 21
is_linear=0
shrinkage=0.05


Tree=33
num_leaves=8
num_cat=0
split_feature=44 45 1 2 45 6 5
split_gain=19.8136 16.6098 11.4401 8.90523 2.92335 1.64438 0.440077
threshold=35.500000000000007 1.1791495680809023 0.38646987080574041 0.16304086148738864 1.1488409042358401 1.0875482559204104 -0.030149088241159912
decision_type=2 2 10 10 2 10 10
left_child=2 -2 4 -4 5 -1 -3
right_child=1 6 3 -5 -6 -7 -8
leaf_value=-0.032437544972036887 -0.053788131579745435 0.046602099958978849 0.036617822513889529 -0.056454330273489617 0.053925311211950391 0.026351101443362009 0.0098095341449514033
leaf_weight=1.1908800899982517 19.331136554479603 3.8914542198181152 3.4884040057659131 5.2307534515857697 17.826658383011818 1.6028215140104292 1.7472997307777394
leaf_count=12 272 21 20 54 116 10 10
internal_value=-0.000240748 -0.032294 0.027204 -0.0192812 0.0468426 -0.000653599 0.038396
internal_weight=54.3094 24.9699 29.3395 8.71916 20.6204 2.7937 5.63875
internal_count=515 303 212 74 138 22 31
is_linear=0
shrinkage=0.05


Tree=34
num_leaves=10
num_cat=0
split_feature=63 62 50 23 44 41 62 49 30
split_gain=17.7709 19.8946 4.73862 3.22595 3.96641 1.15299 3.83098 0.688755 0.496289
threshold=1.7016784548759463 1.350632965564728 1.681388854980469 1.6746117472648623 35.500000000000007 1.5000000000000002 1.1379449963569643 3.5000000000000004 0.15508445352315905
decision_type=2 2 2 8 2 8 2 10 10
left_child=-1 2 5 4 -3 6 -2 -5 -7
right_child=1 3 -4 7 -6 8 -8 -9 -10
leaf_value=-0.051568161174787568 -0.036730865481088497 0.036976508286323644 -0.035566396923136546 -0.052982908007807007 -0.041856910464385264 0.052422746291328537 0.041401062509958585 -0.0028753032734224432 0.012557049518137148
leaf_weight=12.327608741819857 1.3847435563802779 2.5533619523048374 1.2701756954193104 8.1309256479144079 1.897490471601486 18.413706742227081 4.0451927781105042 0.86986531317234117 1.5869029387831677
leaf_count=186 12 13 15 104 23 119 30 8 9
internal_value=-0.00141332 0.0148642 0.039376 -0.0331484 0.00185492 0.0443232 0.0188622 -0.0489121 0.0500082
internal_weight=52.48 40.1524 26.7007 13.4516 4.45085 25.4305 5.42994 9.00079 20.0006
internal_count=519 333 185 148 36 170 42 112 128
is_linear=0
shrinkage=0.05


Tree=35
num_leaves=10
num_cat=0
split_feature=63 62 51 57 49 47 41 13 54
split_gain=17.4402 20.897 6.50867 2.21219 1.48814 1.17451 0.297576 0.966224 0.181943
threshold=1.7016784548759463 1.5079923868179324 0.96713808178901683 1.0498314499855044 4.5000000000000009 0.42289476096630102 1.5000000000000002 0.32587586343288427 25.505973815917972
decision_type=2 2 2 2 10 10 8 2 2
left_child=-1 2 3 -2 8 6 7 -5 -3
right_child=1 4 -4 5 -6 -7 -8 -9 -10
leaf_value=-0.051233845575129638 -0.008647689619830902 -0.052216861957800266 -0.039274872418437703 0.037385951690607273 0.0063408452578498174 0.0021944006605224557 0.052512578388817545 -0.0073980849009563287 -0.0089914358608430764
leaf_weight=11.905870165675877 1.672961138188845 8.2855044752359355 1.8792815580964077 3.7903125435113969 1.0915070325136174 1.5422389209270466 19.686383582651615 1.2209246084094045 0.7299351096153267
leaf_count=186 14 114 22 29 8 9 131 10 8
internal_value=-0.000568782 0.0154327 0.0363189 0.0425908 -0.0438602 0.0460551 0.048602 0.0270593 -0.0499643
internal_weight=51.8049 39.899 29.7921 27.9128 10.1069 26.2399 24.6976 5.01124 9.01544
internal_count=531 345 215 193 130 179 170 39 122
is_linear=0
shrinkage=0.05


Tree=36
num_leaves=9
num_cat=0
split_feature=63 62 51 49 41 1 40 54
split_gain=15.749 19.4264 5.49038 1.64306 1.06311 2.87107 0.907292 0.166528
threshold=1.7016784548759463 1.4111630916595461 0.96713808178901683 4.5000000000000009 1.5000000000000002 0.22820544987916949 0.7700868844985963 26.828947067260746
decision_type=2 2 2 10 8 10 2 2
left_child=-1 2 4 6 5 -2 -3 -8
right_child=1 3 -4 -5 -6 -7 7 -9
leaf_value=-0.050703134811380057 0.036724607384356713 -0.0020198667348710789 -0.036890667832869511 0.0082072628273718584 0.048448695242594153 -0.033337408301813476 -0.052248493109876962 -0.0094885910876298801
leaf_weight=11.285606294870375 3.9935099780559602 1.1944290958344925 1.5881770849227894 1.3548421785235394 19.921310000121593 1.1820771023631094 8.0426903516054118 0.74913273751735765
leaf_count=185 31 13 19 10 135 11 112 8
internal_value=-0.00135789 0.014211 0.0371598 -0.038422 0.0430798 0.0179157 -0.0449194 -0.0499461
internal_weight=49.3118 38.0262 26.6851 11.3411 25.0969 5.17559 9.98625 8.79182
internal_count=524 339 196 143 177 42 133 120
is_linear=0
shrinkage=0.05


Tree=37
num_leaves=10
num_cat=0
split_feature=63 62 51 49 30 44 45 47 54
split_gain=15.6437 15.9336 5.44488 2.29678 2.26447 1.91702 6.11165 0.272969 0.232751
threshold=1.7016784548759463 1.5079923868179324 0.96713808178901683 4.5000000000000009 0.21922062337398532 35.500000000000007 1.1791495680809023 0.42776587605476385 30.502133369445804
decision_type=2 2 2 10 8 2 2 10 2
left_child=-1 2 4 8 5 7 -7 -2 -3
right_child=1 3 -4 -5 -6 6 -8 -9 -10
leaf_value=-0.050371099982456251 0.052565072624533339 -0.05072288260208712 -0.037730830189998628 0.011609914306128937 -0.014157183890090439 -0.04221956965293211 0.046376382125446231 0.014604833266934392 -0.006728024630574158
leaf_weight=10.851552885025738 17.606611691415324 7.2857188768684846 1.7196236886084069 1.5394603237509725 1.4164646714925755 2.1073469668626776 4.4216908067464828 1.4473976641893376 0.65843940526247013
leaf_count=184 132 109 21 11 10 20 28 8 7
internal_value=-3.39854e-05 0.0151845 0.033555 -0.0383408 0.0392806 0.0426606 0.0159712 0.0505536 -0.0482364
internal_weight=49.0543 38.2028 28.7191 9.48362 26.9995 25.583 6.52904 19.054 7.94416
internal_count=530 346 219 127 198 188 48 140 116
is_linear=0
shrinkage=0.05


Tree=38
num_leaves=8
num_cat=0
split_feature=63 62 10 49 26 19 57
split_gain=13.524 16.5296 4.0879 2.70241 2.65152 2.23337 0.936194
threshold=1.7016784548759463 1.350632965564728 7.450369358062745 4.5000000000000009 0.13060840219259265 19.500000000000004 1.1681215167045595
decision_type=2 2 2 10 8 2 2
left_child=-1 2 5 4 -3 -2 -7
right_child=1 3 -4 -5 -6 6 -8
leaf_value=-0.049651525179402002 -0.014940406333102341 0.01467723777246289 -0.034430580356313911 0.016635300400206797 -0.050920275860527067 0.011106494075699261 0.051193485801088082
leaf_weight=9.8306942097842676 1.0909551084041655 1.3737331479787798 1.0824854224920262 1.8718950003385533 8.6895125992596149 2.2732421457767513 18.161754123866558
leaf_count=175 10 12 12 13 124 17 140
internal_value=-0.000753029 0.0141683 0.0387307 -0.0317567 -0.0414483 0.0437749 0.0474603
internal_weight=44.3743 34.5436 22.6084 11.9351 10.0632 21.526 20.435
internal_count=503 328 179 149 136 167 157
is_linear=0
shrinkage=0.05


Tree=39
num_leaves=10
num_cat=0
split_feature=63 62 13 23 17 8 41 44 62
split_gain=13.5183 13.9596 3.83249 2.66902 2.47192 1.70481 0.969131 2.1645 0.274566
threshold=1.7016784548759463 1.4111630916595461 1.4692963957786562 1.6746117472648623 3.5000000000000004 2.2959406375885014 2.5000000000000004 35.500000000000007 1.3075994253158572
decision_type=2 2 2 8 10 10 8 2 2
left_child=-1 2 5 4 -3 -2 7 8 -7
right_child=1 3 -4 -5 -6 6 -8 -9 -10
leaf_value=-0.049610051863681046 -0.002792390168717393 -0.029975197401859222 -0.035237622340369111 -0.049175922182614573 0.03804436375115109 0.042893870404025675 0.050894470930595105 -0.019638013812552799 0.0072045925830570533
leaf_weight=10.082653082907198 2.0836923420429292 1.7915933094918703 1.1112518161535252 6.8139316923916349 1.5677924156188963 3.6025122776627567 14.200502589344977 1.6471233144402502 1.1352236419916151
leaf_count=186 17 24 13 108 7 30 110 14 9
internal_value=-0.00152373 0.0137665 0.0343593 -0.0331366 0.00321409 0.0391156 0.0432905 0.0217768 0.0370883
internal_weight=44.0363 33.9536 23.7803 10.1733 3.35939 22.6691 20.5854 6.38486 4.73774
internal_count=518 332 193 139 31 180 163 53 39
is_linear=0
shrinkage=0.05


Tree=40
num_leaves=11
num_cat=0
split_feature=63 50 47 21 50 47 44 57 25 13
split_gain=12.6022 11.1699 5.58914 4.62094 1.87629 2.32845 0.608814 0.831267 0.474207 0.467011
threshold=1.7016784548759463 1.3070445060729983 0.50254997611045849 1.3735205531120303 0.67886495590209972 0.29019270837306982 35.500000000000007 1.3969781994819643 0.47514081001281744 0.37994199991226202
decision_type=2 2 10 10 2 10 2 2 8 2
left_child=-1 2 3 4 5 -2 -6 -8 -3 -9
right_child=1 8 -4 -5 6 -7 7 9 -10 -11
leaf_value=-0.04908947377061277 -0.035689331514022163 -0.0048439148428657186 -0.039851430055126549 -0.033492706542888599 0.051882050458172936 0.030286498523704714 -0.011285280440746311 0.0026356411426957868 -0.046865838434378325 0.040202895973415871
leaf_weight=9.4058529138565046 1.2019616328179936 1.0285673961043347 1.9679835364222515 1.5807309076189984 14.735530942678453 2.4435666128993034 0.89776421710848708 1.2408852279186247 5.3284079618752003 2.866138931363821
leaf_count=181 12 14 27 28 120 17 9 10 76 20
internal_value=-0.000913699 0.013732 0.0278259 0.0344898 0.04027 0.00553372 0.0461088 0.0233013 -0.0416492 0.031591
internal_weight=42.6974 33.2915 26.9346 24.9666 23.3858 3.64553 19.7403 5.00479 6.35698 4.10702
internal_count=514 333 243 216 188 29 159 39 90 30
is_linear=0
shrinkage=0.05


Tree=41
num_leaves=8
num_cat=0
split_feature=44 45 1 2 45 44 41
split_gain=11.1376 12.2924 9.25116 5.60208 1.70361 1.53573 0.446516
threshold=35.500000000000007 1.1791495680809023 0.38646987080574041 0.16304086148738864 1.1488409042358401 34.500000000000007 3.5000000000000004
decision_type=2 2 10 10 2 2 10
left_child=2 -2 4 -4 5 -1 -3
right_child=1 6 3 -5 -6 -7 -8
leaf_value=0.028399408942530725 -0.051484295814042375 0.043341332149222672 0.030023670649959335 -0.053302190946885576 0.050577422430918555 -0.028835815465504833 0.0058139074829515148
leaf_weight=1.8287217319011715 14.485149201005699 3.3573936894536009 2.3895181939005843 4.460855882614851 12.028739258646963 1.0241692289710045 1.3930945992469785
leaf_count=15 271 23 18 58 106 13 10
internal_value=-0.00245088 -0.0293776 0.0216266 -0.0241147 0.042875 0.00570103 0.0352611
internal_weight=40.9676 19.2356 21.732 6.85037 14.8816 2.85289 4.75049
internal_count=514 304 210 76 134 28 33
is_linear=0
shrinkage=0.05


Tree=42
num_leaves=8
num_cat=0
split_feature=19 45 25 63 47 19 5
split_gain=12.2886 8.86581 7.33924 4.34875 3.472 1.82196 0.200792
threshold=35.500000000000007 1.1791495680809023 1.3070445060729983 1.7016784548759463 0.50254997611045849 21.500000000000004 0.33292289078235632
decision_type=2 2 8 2 8 2 10
left_child=2 -2 3 -1 5 -5 -7
right_child=1 -3 -4 4 -6 6 -8
leaf_value=-0.033717810869750023 -0.050888800892147458 0.034652224683895734 -0.040811508406986746 -0.009959933188572483 -0.031190942398091732 0.049984635411324731 0.013063239697695392
leaf_weight=1.5271520540118277 13.268860574811699 3.0848270431160918 3.1989877186715594 1.1234738118946612 0.96586311236023803 15.690523196011783 1.2453647218644608
leaf_count=24 255 23 49 10 11 137 9
internal_value=-0.00146014 -0.033686 0.0211931 0.0322899 0.0390075 0.0442015 0.0481494
internal_weight=40.1051 16.3537 23.7514 20.5524 19.0252 18.0594 16.9359
internal_count=518 278 240 191 167 156 146
is_linear=0
shrinkage=0.05


Tree=43
num_leaves=8
num_cat=0
split_feature=44 20 1 2 45 10 45
split_gain=10.9222 10.8274 8.3048 4.74959 1.5743 0.989373 0.362514
threshold=35.500000000000007 1.1826303005218508 0.38646987080574041 0.16304086148738864 1.1488409042358401 3.7657496929168706 1.1791495680809023
decision_type=2 2 10 10 2 2 2
left_child=2 6 4 -4 5 -1 -2
right_child=1 -3 3 -5 -6 -7 -8
leaf_value=-0.025307392695976944 -0.050721183293441587 0.03788727113650403 0.02692344938943584 -0.05139763093054317 0.050353512813519907 0.023344606474490791 -0.0025067798121771109
leaf_weight=0.81343327090144457 13.466966155916452 3.8667229712009421 2.3773374035954467 3.9465945214033127 11.694018244743345 1.4908583536744116 0.51059211790561754
leaf_count=11 276 29 19 56 110 13 3
internal_value=-0.00166091 -0.0293554 0.022893 -0.0222986 0.0434344 0.00370876 -0.0492449
internal_weight=38.1665 17.8443 20.3222 6.32393 13.9983 2.30429 13.9776
internal_count=517 308 209 75 134 24 279
is_linear=0
shrinkage=0.05


Tree=44
num_leaves=8
num_cat=0
split_feature=19 18 45 47 62 13 29
split_gain=10.498 8.10557 7.60084 3.20193 1.90985 1.78052 0.0987403
threshold=35.500000000000007 0.87500000000000011 1.1791495680809023 0.50254997611045849 0.81884959340095531 1.0988360643386843 -0.42705507576465601
decision_type=2 2 2 10 2 2 8
left_child=1 -1 -2 4 -3 6 -6
right_child=2 3 -4 -5 5 -7 -8
leaf_value=-0.043195735363257937 -0.050005331512622792 -0.012805025157682304 0.032727372710140583 -0.031996064723926916 0.015065772222604933 -0.0064049694568805984 0.048544568564172511
leaf_weight=3.3697346858680275 11.643038667738436 1.2996072918176711 2.8043763637542716 1.054197747260331 1.3739781230688093 1.4962463714182366 14.296440042555334
leaf_count=61 244 18 22 12 10 13 136
internal_value=-0.000764321 0.0200254 -0.0328671 0.0325121 0.0376492 0.0419635 0.046689
internal_weight=37.3376 22.8902 14.4474 19.5205 18.4663 17.1667 15.6704
internal_count=516 250 266 189 177 159 146
is_linear=0
shrinkage=0.05


Tree=45
num_leaves=8
num_cat=0
split_feature=44 45 1 2 45 44 30
split_gain=9.53933 9.463 7.11107 4.8798 1.7034 1.24862 0.420247
threshold=35.500000000000007 1.1791495680809023 0.38646987080574041 0.16304086148738864 1.1488409042358401 34.500000000000007 -0.092985991388559328
decision_type=2 2 10 10 2 2 8
left_child=2 -2 4 -4 5 -1 -3
right_child=1 6 3 -5 -6 -7 -8
leaf_value=0.025414932305204464 -0.050102813281990372 0.0040640514321351627 0.027849754931128623 -0.051293930165777726 0.049502170023664027 -0.027741029544081072 0.040590582822044599
leaf_weight=1.5353284142911463 12.093125913292171 1.3061717227101324 2.4771527573466292 3.7366766557097435 10.687263570725916 0.96486772969365109 2.7247251048684111
leaf_count=14 265 10 20 54 110 13 21
internal_value=-0.00145361 -0.0289325 0.0216823 -0.0202562 0.0414784 0.00283634 0.031915
internal_weight=35.5253 16.124 19.4013 6.21383 13.1875 2.5002 4.0309
internal_count=507 296 211 74 137 27 31
is_linear=0
shrinkage=0.05


Tree=46
num_leaves=8
num_cat=0
split_feature=44 45 1 2 45 44 62
split_gain=9.07055 8.86414 6.81252 4.4393 1.4053 1.51272 0.397866
threshold=35.500000000000007 1.1791495680809023 0.36245653033256536 0.16304086148738864 1.1488409042358401 34.500000000000007 1.1171032190322878
decision_type=2 2 8 10 2 2 2
left_child=2 -2 4 -4 5 -1 -3
right_child=1 6 3 -5 -6 -7 -8
leaf_value=0.030043865254000809 -0.049833012148613437 0.03973285982387853 0.027511372418244324 -0.050532832172697079 0.048738951565415911 -0.028385252247109694 0.0039516412192158474
leaf_weight=1.4857381060719517 11.901095706969498 2.5433467030525203 2.1955031231045714 3.6088007651269436 9.849803224205969 1.0166874118149281 1.3037668168544767
leaf_count=13 273 20 18 55 108 14 10
internal_value=-0.00262851 -0.0294366 0.0209465 -0.0213076 0.0409104 0.00497855 0.0309238
internal_weight=33.9047 15.7482 18.1565 5.8043 12.3522 2.50243 3.84711
internal_count=511 303 208 73 135 27 30
is_linear=0
shrinkage=0.05


Tree=47
num_leaves=10
num_cat=0
split_feature=63 62 10 49 26 50 3 19 8
split_gain=8.4933 9.63665 2.89697 1.88943 1.64475 1.08154 1.12656 0.586516 0.26083
threshold=1.7016784548759463 1.350632965564728 7.450369358062745 4.5000000000000009 0.1217673607170582 0.67886495590209972 0.062193784862756736 24.500000000000004 23.470801353454593
decision_type=2 2 2 10 8 2 10 2 8
left_child=-1 2 5 4 -3 6 -2 -7 -6
right_child=1 3 -4 -5 8 7 -8 -9 -10
leaf_value=-0.046460411386355122 0.026844974546728729 0.012650447516742422 -0.029910893743716721 0.015704539418571507 -0.047623704357283324 0.00075863339617656973 -0.024923169443197446 0.046587888852842221 -0.002547837009428764
leaf_weight=6.9241394661366931 1.369324080646048 1.0172204226255397 0.94069398567080398 1.5357595421373842 6.0706725046038628 0.76999479532241721 0.91066296398639668 12.979860872030256 0.45864687487483013
leaf_count=178 13 12 14 14 116 8 9 140 6
internal_value=-0.000962221 0.0124004 0.0339763 -0.0272861 -0.0368487 0.0392616 0.00487339 0.0442469 -0.0452163
internal_weight=32.977 26.0528 16.9705 9.0823 7.54654 16.0298 2.27999 13.7499 6.52932
internal_count=510 332 184 148 134 170 22 148 122
is_linear=0
shrinkage=0.05


Tree=48
num_leaves=8
num_cat=0
split_feature=19 45 18 20 30 19 62
split_gain=8.59975 7.34585 6.11552 2.31855 1.17641 0.890106 0.0773268
threshold=35.500000000000007 1.1791495680809023 0.87500000000000011 1.1488409042358401 0.21922062337398532 34.500000000000007 1.350632965564728
decision_type=2 2 2 2 8 2 2
left_child=2 -2 -1 5 6 -4 -5
right_child=1 -3 3 4 -6 -7 -8
leaf_value=-0.039853276895631021 -0.048940946285064374 0.032695055741874701 0.013740600477328134 0.04856176359694294 0.00082010168911980912 -0.029522662827916931 0.017788399233616584
leaf_weight=2.6518378630280521 10.302762147039173 2.8695228397846213 1.7607026584446457 10.033788911998267 1.6972170472145105 1.1441732496023178 1.8130964078009117
leaf_count=56 252 25 18 117 16 19 14
internal_value=-0.000285113 -0.0301048 0.0207537 0.0322486 0.0404338 -0.00649649 0.0456033
internal_weight=32.2731 13.1723 19.1008 16.449 13.5441 2.90488 11.8469
internal_count=517 277 240 184 147 37 131
is_linear=0
shrinkage=0.05


Tree=49
num_leaves=8
num_cat=0
split_feature=19 18 45 1 2 20 44
split_gain=8.36379 6.05429 6.02657 1.99419 2.93644 1.2519 1.47034
threshold=35.500000000000007 0.87500000000000011 1.1791495680809023 0.38646987080574041 0.17371558398008349 1.1488409042358401 34.500000000000007
decision_type=2 2 2 10 10 2 2
left_child=1 -1 -2 5 -5 6 -3
right_child=2 3 -4 4 -6 -7 -8
leaf_value=-0.040123515872695144 -0.048449360676786554 0.031215944386681911 0.029870860261332333 0.030743129879895373 -0.036638147378108853 0.04859288506382136 -0.027479995518194425
leaf_weight=2.6919050477445152 9.6694669201970118 1.3304850906133681 2.4498802274465552 2.8014100939035407 1.8170215040445326 9.6027337238192541 0.9904319867491721
leaf_count=58 249 12 22 24 20 114 17
internal_value=-0.000466249 0.0197091 -0.0315471 0.0311779 0.00243071 0.041263 0.00543562
internal_weight=31.3533 19.234 12.1193 16.5421 4.61843 11.9237 2.32092
internal_count=516 245 271 187 44 143 29
is_linear=0
shrinkage=0.05


Tree=50
num_leaves=10
num_cat=0
split_feature=63 62 51 41 26 57 11 19 4
split_gain=7.90128 8.11339 2.91049 1.60089 1.10736 2.63477 0.222865 0.160264 0.033906
threshold=1.7016784548759463 1.5079923868179324 0.96713808178901683 8.5000000000000018 0.18559094518423083 1.9469895362854006 1.4885659813880923 33.500000000000007 0.2592883706092835
decision_type=2 2 2 10 10 2 2 2 8
left_child=-1 2 4 -3 6 -6 7 -2 -7
right_child=1 3 -4 -5 5 8 -8 -9 -10
leaf_value=-0.045718048514491981 0.009770036953649015 -0.046100396279074855 -0.030143257104713855 0.0076307363616771422 -0.03060361621587375 0.038448097021365063 0.0065508540108390667 0.04765963326766047 0.0095823496155205464
leaf_weight=6.4083412066102055 0.89585345983506037 4.4810064285993567 1.106911115348338 1.5147951580584047 1.5200490318238724 2.3946929425001144 0.75652711093425828 9.8789614886045438 0.96879908069968257
leaf_count=184 8 103 19 18 18 21 10 116 11
internal_value=-0.000482174 0.0132062 0.0300873 -0.0333753 0.0356465 0.0122822 0.0437716 0.0456067 0.0342352
internal_weight=29.9259 23.5176 17.5218 5.9958 16.4149 4.88354 11.5313 10.7748 3.36349
internal_count=508 324 203 121 184 50 134 124 32
is_linear=0
shrinkage=0.05


Tree=51
num_leaves=8
num_cat=0
split_feature=63 28 60 50 56 59 20
split_gain=6.79799 8.15066 4.16678 2.9475 2.66223 0.747689 0.109448
threshold=1.7016784548759463 0.057448932901024825 7.5000000000000009 1.3401691317558291 9.0549559593200701 1.5000000000000002 1.1826303005218508
decision_type=2 10 8 2 2 10 2
left_child=-1 4 6 -4 5 -2 -3
right_child=1 2 3 -5 -6 -7 -8
leaf_value=-0.045293500452507143 -0.0018041266816799899 -0.048999420371545477 0.035685155439634762 -0.032242287480907496 -0.026115157159631586 0.045795362855115283 -0.0065350739418592032
leaf_weight=6.1166901960968998 0.80657656863331872 5.2087148185819361 3.3172055482864389 1.600912334397435 0.91518177837133485 10.941843889653681 0.50118975341320027
leaf_count=184 10 110 32 28 19 136 5
internal_value=-0.0023864 0.0102823 -0.0209694 0.011862 0.0361256 0.0426423 -0.0468015
internal_weight=29.4083 23.2916 10.628 4.91812 12.6636 11.7484 5.7099
internal_count=524 340 175 60 165 146 115
is_linear=0
shrinkage=0.05


Tree=52
num_leaves=11
num_cat=0
split_feature=63 62 50 23 17 54 57 49 19 57
split_gain=6.88382 8.17858 2.06183 1.43682 2.17618 1.19726 1.27966 0.561461 0.190215 0.17179
threshold=1.7016784548759463 1.350632965564728 1.681388854980469 1.6746117472648623 1.5000000000000002 4.189281940460206 1.6486051082611086 4.5000000000000009 35.500000000000007 1.3969781994819643
decision_type=2 2 2 8 10 2 2 10 2 2
left_child=-1 2 5 4 -3 6 -2 -5 -7 -10
right_child=1 3 -4 7 -6 8 -8 -9 9 -11
leaf_value=-0.0449539872517579 -0.025450807774110247 -0.03467230076079645 -0.02571688581441808 -0.045775141148385157 0.032322019723932928 0.047797427604089338 0.028037370609374945 0.0029169661986092974 0.00057490165841423617 0.025640966883309513
leaf_weight=5.8973465804010656 1.1078928858041774 1.2682795077562325 0.73513245955109674 4.5304972212761641 1.6050769388675687 9.1700355112552625 1.4003357626497743 0.53395841643214215 0.98300797119736616 1.6592600643634794
leaf_count=185 12 26 14 103 12 121 15 7 11 17
internal_value=-0.000961373 0.0117251 0.0326649 -0.0272024 0.00143413 0.0371449 0.00389129 -0.0410069 0.0433511 0.0190338
internal_weight=28.8908 22.9935 15.0557 7.93781 2.87336 14.3205 2.50823 5.06446 11.8123 2.64227
internal_count=523 338 190 148 38 176 27 110 149 28
is_linear=0
shrinkage=0.05


Tree=53
num_leaves=11
num_cat=0
split_feature=26 57 60 50 10 20 50 62 51 25
split_gain=6.44789 7.12431 3.62183 2.49741 2.01969 0.394552 0.296849 0.120585 0.12027 0.0315229
threshold=0.18928475677967074 0.87510621547698986 7.5000000000000009 1.3070445060729983 6.4865434169769296 1.1826303005218508 1.1165913939476015 0.99651360511779796 0.7778383493423463 1.1741619110107424
decision_type=10 2 10 2 2 2 2 2 2 10
left_child=1 -1 5 8 6 -2 7 -3 -4 -5
right_child=2 4 3 9 -6 -7 -8 -9 -10 -11
leaf_value=-0.04009499342898587 -0.049366723326638169 0.0095088880051600079 0.036958502870418464 -0.0044657398557389275 -0.022334777795606546 -0.0025519227048986411 0.0046841977520129703 0.046858964893689202 0.0061323252281674095 -0.034015202385995792
leaf_weight=3.0102527979761389 7.2448421455919725 0.81903424300252936 2.0157538875937466 0.44724776595830906 0.71052974648773748 0.59512215107679356 0.7368958033621319 9.1878652498126012 0.86963260546326626 1.3016607630997894
leaf_count=89 190 14 18 7 18 6 9 127 11 23
internal_value=-0.00247299 0.0196469 -0.0276767 0.00677431 0.037306 -0.0465037 0.0428163 0.0449436 0.0316373 -0.0308321
internal_weight=26.9388 14.4646 12.4743 4.6343 11.4543 7.83996 10.7438 10.0069 2.88539 1.74891
internal_count=512 257 255 59 168 196 150 141 29 30
is_linear=0
shrinkage=0.05


Tree=54
num_leaves=7
num_cat=0
split_feature=44 45 1 2 47 48
split_gain=5.98623 6.34911 4.81828 3.4276 0.775272 0.193639
threshold=35.500000000000007 1.1791495680809023 0.38646987080574041 0.1570093780755997 0.46367681026458746 2.5220320224761967
decision_type=2 2 10 10 10 10
left_child=2 -2 4 -4 -1 -3
right_child=1 5 3 -5 -6 -7
leaf_value=0.043774113585104316 -0.047676033666104387 0.035977867422458391 0.027163535571336384 -0.045151776422076607 -0.0065322406998139142 0.0041673918168131825
leaf_weight=8.0970305167138541 8.77427054569125 1.9705408737063419 1.8814754746854312 3.090672267600894 0.57428679615259248 0.91620078682899464
leaf_count=120 272 19 19 58 8 9
internal_value=-0.0026474 -0.0277339 0.0192236 -0.0178211 0.0401115 0.0295516
internal_weight=25.3045 11.661 13.6435 4.97215 8.67132 2.88674
internal_count=505 300 205 77 128 28
is_linear=0
shrinkage=0.05


Tree=55
num_leaves=10
num_cat=0
split_feature=63 62 30 49 26 59 8 19 10
split_gain=5.99119 7.72429 2.0852 0.965706 1.25855 0.836228 0.253098 0.244702 0.584101
threshold=1.7016784548759463 1.350632965564728 0.21922062337398532 4.5000000000000009 0.13060840219259265 1.5000000000000002 27.40931606292725 35.500000000000007 3.366491556167603
decision_type=2 2 8 10 8 10 8 2 2
left_child=-1 2 5 4 -3 -2 -6 -7 -9
right_child=1 3 -4 -5 6 7 -8 8 -10
leaf_value=-0.044037534797259831 -0.0059437700976886255 0.010332907750631962 -0.017857128524888754 0.0085056544421261513 -0.046863367290738471 0.046918924613540032 -0.001178039490687981 0.032821893721160865 -0.0047249436404973137
leaf_weight=5.3072752840817001 0.73955962434410949 0.87924725562333961 1.2696895338594938 1.0869619920849798 4.6694472786039114 8.6468833871185762 0.37564753741025914 1.5860918238759034 1.3585506156086919
leaf_count=186 10 13 17 13 118 125 6 17 18
internal_value=-0.00120395 0.0113523 0.032566 -0.028727 -0.0358001 0.0387079 -0.0442193 0.0418025 0.0186928
internal_weight=25.9194 20.6121 13.6008 7.0113 5.92434 12.3311 5.04509 11.5915 2.94464
internal_count=523 337 187 150 137 170 124 160 35
is_linear=0
shrinkage=0.05


Tree=56
num_leaves=9
num_cat=0
split_feature=63 62 51 30 49 41 44 8
split_gain=5.82639 6.53957 2.53476 1.54569 1.16666 0.897543 1.74073 0.285482
threshold=1.7016784548759463 1.5079923868179324 0.96713808178901683 0.21922062337398532 4.5000000000000009 1.5000000000000002 35.500000000000007 23.039647102355961
decision_type=2 2 2 10 10 8 2 8
left_child=-1 2 3 5 7 6 -2 -3
right_child=1 4 -4 -5 -6 -7 -8 -9
leaf_value=-0.043442884668177133 0.032949963365356709 -0.044521681167902893 -0.028499824303932532 -0.01647726269679561 0.0097798034470276667 0.044418743288518636 -0.028904372432898187 0.0010174333144597385
leaf_weight=4.9399268645793226 1.7329060807824128 3.9368251580744973 1.0466072876006354 0.86352724954485971 0.98365458101034153 10.839073035866022 0.99449676275253285 0.32258807681500901
leaf_count=180 31 111 22 8 10 144 13 5
internal_value=0.000455541 0.01244 0.0284793 0.0341912 -0.0318834 0.0383261 0.00869224 -0.0415351
internal_weight=25.6596 20.7197 15.4766 14.43 5.24307 13.5665 2.7274 4.25941
internal_count=524 344 218 196 126 188 44 116
is_linear=0
shrinkage=0.05


Tree=57
num_leaves=9
num_cat=0
split_feature=63 62 30 23 44 41 21 49
split_gain=5.3885 6.26596 1.826 1.56742 1.8654 0.689629 1.47575 0.440123
threshold=1.7016784548759463 1.350632965564728 0.21922062337398532 1.6746117472648623 35.500000000000007 1.5000000000000002 1.1343931555747988 4.5000000000000009
decision_type=2 2 8 8 2 8 10 10
left_child=-1 2 5 4 -3 6 -2 -5
right_child=1 3 -4 7 -6 -7 -8 -9
leaf_value=-0.043145739143547558 -0.025126156464261341 0.031149906840576405 -0.01624276565798009 -0.043921236826450577 -0.031975663304494875 0.044144470509527009 0.03251763533754054 0.0019410692802323314
leaf_weight=4.8132411781698492 0.9709319397807098 1.7309214062988751 1.2266858406364942 3.9613534659147263 1.0633801836520431 8.7421896494925022 1.6779893822968004 0.49276065081357945
leaf_count=184 14 15 16 107 24 125 31 7
internal_value=-0.000595091 0.0112879 0.0316833 -0.0237526 0.00503123 0.0377386 0.0102934 -0.0394218
internal_weight=24.6795 19.8662 12.6178 7.24842 2.7943 11.3911 2.64892 4.45411
internal_count=523 339 186 153 39 170 45 114
is_linear=0
shrinkage=0.05


Tree=58
num_leaves=11
num_cat=0
split_feature=63 62 50 23 17 8 41 19 49 21
split_gain=4.83934 5.85841 1.81832 1.32211 1.55288 1.02406 0.585794 1.02154 0.257218 0.164073
threshold=1.7016784548759463 1.350632965564728 1.681388854980469 1.6746117472648623 3.5000000000000004 2.2959406375885014 1.5000000000000002 35.500000000000007 4.5000000000000009 0.57439288496971141
decision_type=2 2 2 8 10 10 8 2 10 8
left_child=-1 2 5 4 9 -2 7 -7 -5 -3
right_child=1 3 -4 8 -6 6 -8 -9 -10 -11
leaf_value=-0.042838264351457656 -0.0068929358282349392 -0.031615783612231919 -0.02487884775062817 -0.043280886282318611 0.031530356224806287 0.02768537228207579 0.044927400670149713 -0.02267355257907196 -0.00070539841116719218 0.00098943349554845173
leaf_weight=4.6373571082949665 1.0655717216432101 1.0480173267424098 0.72964031249284822 3.7644223179668188 1.2761358842253683 1.771667722612617 8.1471488922834396 0.67859445884823788 0.41947558149695385 0.40252986922860157
leaf_count=182 11 24 16 107 10 32 119 10 6 7
internal_value=-0.00192199 0.00953342 0.029297 -0.0251314 0.00225547 0.0343833 0.0387701 0.0112093 -0.0399718 -0.0258563
internal_weight=23.9406 19.3032 12.3926 6.91058 2.72668 11.663 10.5974 2.45026 4.1839 1.45055
internal_count=524 342 188 154 41 172 161 42 113 31
is_linear=0
shrinkage=0.05


Tree=59
num_leaves=8
num_cat=0
split_feature=19 20 45 47 62 5 21
split_gain=4.8977 4.50429 4.24103 1.79997 1.23457 0.690509 0.262418
threshold=35.500000000000007 1.1059235930442812 1.1791495680809023 0.50254997611045849 0.76059207320213329 0.33292289078235632 0.36506986618041998
decision_type=2 2 2 10 2 10 10
left_child=1 -1 -2 4 -3 6 -6
right_child=2 3 -4 -5 5 -7 -8
leaf_value=-0.03733970148095974 -0.045884990531240177 -0.017642897520162515 0.026280706871924117 -0.024329030854248444 0.0032627738046377428 0.0002298472590790178 0.044862354349688188
leaf_weight=2.2242139279842386 6.8255260270088911 0.49242985248565396 2.0156367123126984 0.72605306841433126 0.56516711600124736 1.0567680783569802 8.7137468717992288
leaf_count=65 250 12 24 13 8 12 136
internal_value=-0.00115054 0.0170956 -0.0284337 0.0297142 0.0350885 0.0389356 0.0428925
internal_weight=22.6195 13.7784 8.84116 11.5542 10.8281 10.3357 9.27891
internal_count=520 246 274 181 168 156 144
is_linear=0
shrinkage=0.05


end of trees

feature_importances:
max_forearm_angle_mean_abs_velocity=41
right_hand_longest_valid_run=38
right_hand_sample_span_sec=35
max_forearm_angle_range=34
right_forearm_angle_std=22
left_hand_longest_valid_run=19
max_hand_x_range=18
left_hand_y_range=17
left_hand_sample_span_sec=16
right_hand_y_delta=16
left_forearm_angle_mean_abs_velocity=15
right_forearm_angle_direction_changes=15
max_hand_y_range=15
max_hand_x_mean_abs_velocity=13
right_hand_x_direction_changes=10
right_hand_valid_frame_ratio=10
left_hand_x_std=9
left_hand_y_direction_changes=9
left_forearm_angle_range=9
right_hand_y_range=9
left_hand_max_speed=7
right_hand_y_std=7
left_hand_path_to_displacement_ratio=6
left_hand_y_mean_abs_velocity=6
max_hand_path_to_displacement_ratio=6
left_hand_y_delta=5
left_hand_y_max_abs_velocity=3
left_hand_valid_frame_ratio=3
right_hand_x_range=3
right_hand_x_delta=3
right_forearm_angle_range=3
right_forearm_angle_mean_abs_velocity=3
left_hand_x_delta=2
left_hand_path_length=2
left_hand_speed_std=2
right_hand_x_std=2
right_hand_y_max_abs_velocity=2
max_hand_x_direction_changes=2
max_hand_y_direction_changes=2
left_hand_x_range=1
left_hand_y_std=1
left_hand_mean_speed=1
left_hand_x_max_abs_velocity=1
left_hand_x_direction_changes=1
left_forearm_angle_std=1
right_hand_y_direction_changes=1
max_hand_path_length=1
max_hand_max_speed=1

parameters:
[boosting: gbdt]
[objective: binary]
[metric: binary_logloss,binary_error,auc]
[tree_learner: serial]
[device_type: cpu]
[data_sample_strategy: bagging]
[data: ]
[valid: ]
[num_iterations: 300]
[learning_rate: 0.05]
[num_leaves: 31]
[num_threads: 0]
[seed: 42]
[deterministic: 0]
[force_col_wise: 1]
[force_row_wise: 0]
[histogram_pool_size: -1]
[max_depth: -1]
[min_data_in_leaf: 10]
[min_sum_hessian_in_leaf: 0.001]
[bagging_fraction: 0.9]
[pos_bagging_fraction: 1]
[neg_bagging_fraction: 1]
[bagging_freq: 1]
[bagging_seed: 400]
[bagging_by_query: 0]
[feature_fraction: 0.9]
[feature_fraction_bynode: 1]
[feature_fraction_seed: 30056]
[extra_trees: 0]
[extra_seed: 12879]
[early_stopping_round: 0]
[early_stopping_min_delta: 0]
[first_metric_only: 0]
[max_delta_step: 0]
[lambda_l1: 0]
[lambda_l2: 1]
[linear_lambda: 0]
[min_gain_to_split: 0]
[drop_rate: 0.1]
[max_drop: 50]
[skip_drop: 0.5]
[xgboost_dart_mode: 0]
[uniform_drop: 0]
[drop_seed: 17869]
[top_rate: 0.2]
[other_rate: 0.1]
[min_data_per_group: 100]
[max_cat_threshold: 32]
[cat_l2: 10]
[cat_smooth: 10]
[max_cat_to_onehot: 4]
[top_k: 20]
[monotone_constraints: ]
[monotone_constraints_method: basic]
[monotone_penalty: 0]
[feature_contri: ]
[forcedsplits_filename: ]
[refit_decay_rate: 0.9]
[cegb_tradeoff: 1]
[cegb_penalty_split: 0]
[cegb_penalty_feature_lazy: ]
[cegb_penalty_feature_coupled: ]
[path_smooth: 0]
[interaction_constraints: ]
[verbosity: -1]
[saved_feature_importance_type: 0]
[use_quantized_grad: 0]
[num_grad_quant_bins: 4]
[quant_train_renew_leaf: 0]
[stochastic_rounding: 1]
[linear_tree: 0]
[max_bin: 255]
[max_bin_by_feature: ]
[min_data_in_bin: 3]
[bin_construct_sample_cnt: 200000]
[data_random_seed: 175]
[is_enable_sparse: 1]
[enable_bundle: 1]
[use_missing: 1]
[zero_as_missing: 0]
[feature_pre_filter: 0]
[pre_partition: 0]
[two_round: 0]
[header: 0]
[label_column: ]
[weight_column: ]
[group_column: ]
[ignore_column: ]
[categorical_feature: ]
[forcedbins_filename: ]
[precise_float_parser: 0]
[parser_config_file: ]
[objective_seed: 16083]
[num_class: 1]
[is_unbalance: 0]
[scale_pos_weight: 1]
[sigmoid: 1]
[boost_from_average: 1]
[reg_sqrt: 0]
[alpha: 0.9]
[fair_c: 1]
[poisson_max_delta_step: 0.7]
[tweedie_variance_power: 1.5]
[lambdarank_truncation_level: 30]
[lambdarank_norm: 1]
[label_gain: ]
[lambdarank_position_bias_regularization: 0]
[eval_at: ]
[multi_error_top_k: 1]
[auc_mu_weights: ]
[num_machines: 1]
[local_listen_port: 12400]
[time_out: 120]
[machine_list_filename: ]
[machines: ]
[gpu_platform_id: -1]
[gpu_device_id: -1]
[gpu_use_dp: 0]
[num_gpu: 1]

end of parameters

pandas_categorical:null
